550
132
917
784
249
508
464
588
61
467
612
694
773
123
958
735
705
949
722
780
269
640
343
824
104
261
92
201
197
430
835
461
149
304
392
414
419
404
34
480
3
540
226
568
854
840
771
755
189
929
789
947
533
213
624
681
158
14
143
812
544
169
842
340
72
673
996
35
372
560
566
347
337
340
499
404
254
458
613
572
271
688
832
721
820
274
858
529
521
214
767
101
753
169
988
408
241
71
105
60
32
10
665
6
527
996
385
30
864
677
191
266
804
635
211
980
209
929
381
636
101
255
1
345
346
813
959
922
546
689
806
621
161
294
16
905
239
52
618
454
154
975
954
917
548
593
510
629
606
357
627
745
518
168
75
49
454
719
517
347
850
213
114
849
570
526
546
303
511
246
426
671
566
420
912
532
49
749
294
67
339
447
166
352
24
172
467
261
163
971
818
426
921
774
871
714
627
180
815
961
858
569
796
245
920
615
819
982
772
511
13
467
881
82
525
791
695
403
236
622
445
457
454
622
222
750
835
47
512
638
303
457
754
739
180
630
324
682
590
726
702
885
884
589
937
911
709
491
660
169
364
606
571
572
49
411
693
265
728
812
653
35
475
122
885
457
969
400
494
558
323
100
734
471
278
203
964
265
89
635
144
223
796
204
552
381
546
997
1
886
49
497
244
413
733
773
821
442
124
458
780
193
706
894
776
739
993
290
749
271
396
823
362
69
989
864
132
428
42
825
769
396
276
984
458
875
927
978
830
487
163
867
977
156
459
419
115
924
404
650
340
893
729
654
309
47
722
382
574
573
196
832
22
983
9
102
69
850
650
774
981
476
103
988
412
814
293
466
12
310
823
226
292
289
474
809
161
520
865
142
32
203
763
499
845
28
533
405
843
496
901
401
905
382
777
771
607
28
930
715
852
591
472
56
423
19
569
919
771
985
690
950
909
632
587
776
178
986
270
870
105
232
666
881
473
296
255
653
128
34
771
375
441
147
620
973
923
258
817
661
390
6
992
16
616
111
100
534
183
72
49
394
502
698
312
999
607
74
572
794
980
704
12
917
895
940
321
873
85
883
618
553
121
231
947
607
6
733
757
120
396
673
100
968
788
832
975
315
729
388
883
847
676
600
869
795
986
301
103
606
781
597
318
91
308
41
913
292
577
13
976
569
703
164
353
95
20
785
627
88
451
498
939
24
742
537
739
654
854
91
620
2
889
814
998
154
924
22
450
89
898
835
825
21
85
223
854
839
128
366
673
494
167
161
851
170
32
395
927
944
522
384
41
790
825
528
803
876
904
254
886
330
345
337
582
485
702
381
400
421
894
888
379
432
613
341
656
368
647
893
370
6
975
77
932
445
62
774
654
229
726
905
278
839
434
592
889
38
616
169
240
953
539
872
78
602
767
960
807
836
611
598
89
305
568
527
35
834
585
899
550
130
139
346
590
906
858
120
272
313
48
906
524
555
280
595
440
460
460
249
417
319
219
181
444
664
620
190
506
238
248
678
690
984
820
27
109
618
977
424
816
627
45
177
256
715
739
768
525
997
468
256
980
681
474
680
637
558
170
560
626
663
778
591
104
323
269
473
76
861
593
375
741
773
898
273
557
539
245
620
49
671
85
169
915
234
525
556
737
239
534
726
331
115
564
52
505
249
299
26
728
460
886
696
540
0
170
833
147
236
970
665
105
209
166
995
584
983
453
163
54
662
990
809
137
753
195
237
717
933
351
319
187
124
746
752
635
743
705
326
341
936
202
736
499
358
326
900
393
314
760
884
312
745
5
688
737
826
570
577
61
828
66
313
885
741
550
600
328
641
640
293
133
652
114
435
795
199
15
20
260
747
164
65
396
45
885
45
766
768
621
714
990
419
963
885
179
365
661
449
53
252
433
617
978
661
792
39
864
703
14
929
877
595
627
557
399
831
786
886
574
491
822
903
817
884
194
19
367
158
699
180
214
482
537
448
933
651
785
50
557
185
441
584
860
826
316
973
671
39
65
697
556
785
852
208
67
188
365
535
655
627
433
126
410
278
794
151
901
345
62
944
36
518
695
948
376
34
536
610
824
852
402
662
795
951
544
956
920
78
63
268
731
588
652
995
195
33
564
205
234
81
571
707
290
887
241
816
312
608
668
556
917
371
577
226
125
513
525
877
611
661
97
945
914
63
503
31
29
979
664
211
689
84
840
246
166
587
631
807
281
17
867
750
294
820
111
118
276
357
30
360
499
757
801
429
273
505
275
853
334
763
167
91
908
711
479
490
580
803
